                     CLIMATOLOGICAL SUMMARY for year 2020


NAME: Longmont, CO                  
ELEV: 5000 feet    LAT: 40-00.00 N    LONG: 105-00.00 W


                                       TEMPERATURE (F)

                              HEAT    COOL                              MAX    MAX    MIN    MIN
          MEAN   MEAN         DEG     DEG                                >=     <=     <=     <=
 YR  MO   MAX    MIN    MEAN  DAYS    DAYS      HI  DAY     LOW  DAY     90     32     32      0
------------------------------------------------------------------------------------------------
2020 01
2020 02
2020 03
2020 04
2020 05   83.0   49.3   66.4   70.7   52.0   106.0   29    36.1   26      8      0      0      0
2020 06  102.2   51.5   72.9   15.8  253.2   113.0   29    40.8   10     27      0      0      0
2020 07  103.8   56.8   76.6    0.0  359.7   114.3   02    48.9   01     29      0      0      0
2020 08  105.1   54.9   75.9    3.7  341.0   116.8   09    43.2   31     28      0      0      0
2020 09   93.8   43.9   64.0  128.6   98.9   114.4   05    31.8   08     22      0      2      0
2020 10   74.3   38.3   54.9  306.2    0.4   102.9   06    24.6   16      7      0      4      0
2020 11   81.2   36.1   53.6   88.6    0.0    90.9   03    27.0   02      3      0      2      0
2020 12
------------------------------------------------------------------------------------------------
          94.3   48.7   68.9  613.7 1105.1   116.8  Aug    24.6  Oct    124      0      8      0


                  PRECIPITATION (in)

                  MAX         ---DAYS OF RAIN---
                  OBS.               OVER
 YR  MO  TOTAL    DAY  DATE   0.01   0.10   1.00
------------------------------------------------
2020 01
2020 02
2020 03
2020 04
2020 05
2020 06
2020 07
2020 08
2020 09
2020 10
2020 11
2020 12
------------------------------------------------
          0.00   0.00   N/A      0      0      0


           WIND SPEED (mph)

                                DOM
 YR  MO    AVG     HI   DATE    DIR
-----------------------------------
2020 01
2020 02
2020 03
2020 04
2020 05    2.6   21.7     23     74
2020 06    2.7   33.3     06     67
2020 07    2.6   29.1     13     64
2020 08    2.0   27.5     30     66
2020 09    1.4   25.0     07     68
2020 10    1.1   35.8     11     66
2020 11    0.0   10.9     08     92
2020 12
-----------------------------------
           2.0   35.8    Oct     67
